31
24.782258 25.661290 19.264313
128.075843 26.797753 18.912024
180.117647 27.000000 19.117647
230.649635 26.934307 20.002447
282.888393 26.258929 19.474320
335.573059 27.650685 19.713547
385.704904 25.925569 19.938034
437.000000 26.000000 19.104973
437.981183 76.784946 19.020033
386.000000 78.500000 19.525624
333.961434 80.042625 20.065672
283.336283 79.628319 19.673753
230.996269 77.925373 20.025124
179.548926 78.591885 19.599574
127.250877 79.322222 19.323851
76.150000 79.150000 19.239153
24.273234 78.016729 19.378461
179.548868 129.594160 19.599352
231.154339 129.337838 19.338454
283.545396 129.752918 19.813279
335.188604 130.891653 19.018006
386.515480 129.472136 18.534198
437.620000 130.972000 20.037594
436.854067 182.227273 19.227827
385.896277 181.014628 19.130649
335.215054 180.981183 19.020033
232.699339 182.140969 21.209157
179.013444 181.012164 20.012168
128.362518 182.989146 19.059617
77.015873 181.513228 19.513234
25.232644 181.467504 19.547564
