20
104.520836 138.821881 48.979720
107.940990 134.742386 40.506079
272.828613 137.490048 38.539062
273.814389 137.729961 46.991279
437.603770 137.134258 38.155826
438.852554 137.572488 46.534077
107.358809 305.909454 48.913656
109.624906 305.507925 40.524665
271.517802 306.800310 39.521910
272.772860 305.038439 46.778628
437.566038 304.716981 47.234107
437.237691 304.516570 38.257788
437.099876 468.696874 46.084015
436.293369 466.749807 38.391973
270.833333 467.500000 47.507309
271.403429 468.059132 39.355884
108.197930 470.041528 47.541962
108.315416 468.913503 40.185232
109.736802 636.826702 39.676955
109.976395 641.137339 49.788114
