17
69.859512 155.865612 73.746951
170.373672 246.850059 61.361013
185.436170 386.287234 51.802164
334.230769 89.903846 23.073982
419.431094 322.849030 35.662354
291.760586 145.063518 35.672179
248.942308 205.884615 31.175948
351.354038 482.768570 37.237034
259.075472 389.056604 30.440933
393.273069 514.989539 42.154613
49.445055 317.148352 38.550670
125.359238 320.039589 37.054630
375.000000 612.911765 29.607364
299.462672 486.338900 27.665040
292.036585 310.085366 26.991577
386.000000 268.958333 27.748905
268.418118 551.777003 17.006603
