20
279.160356 204.395972 65.891376
278.720049 204.270171 46.786722
328.833822 147.687407 65.624710
322.578308 283.474072 66.544718
333.506181 87.480082 54.722945
171.229481 52.964824 65.290681
207.279612 187.001015 65.392066
207.290997 187.396302 57.104355
86.738330 230.798705 67.512017
85.282609 229.673913 58.108700
192.131818 307.312879 61.371492
255.552811 318.508518 65.056144
133.309524 283.988095 69.064330
107.972490 93.244643 61.778018
-17.268383 57.358749 64.903683
-18.895208 58.203582 53.562344
73.541353 167.443609 65.767027
21.500000 366.968750 61.257661
-36.625000 239.000000 59.212673
170.076923 54.480769 44.752380
