16
106.328093 192.921130 62.192250
105.783333 189.786111 51.717861
278.849796 192.414748 62.878155
277.534963 191.960456 51.010250
451.255042 192.287007 61.779951
451.610241 192.682248 52.308389
627.100304 191.989514 60.637524
625.961639 192.639982 51.377188
622.964825 386.268869 61.619064
622.318038 382.835763 50.425194
451.635540 387.411879 62.786890
451.120359 385.554427 51.674395
277.867242 386.766905 63.471215
279.100504 386.097858 50.678371
105.117023 389.450083 51.458800
105.268423 391.467495 62.678657
