16
197.999425 161.280024 49.312065
198.588235 159.941176 42.811448
154.635698 49.439199 48.907341
154.699974 48.266315 43.402600
259.357664 27.562044 37.443466
259.712121 27.065657 31.980207
374.355908 38.740369 48.875540
374.448857 38.723988 42.951049
362.170886 134.907595 27.093785
361.520020 134.616433 21.277925
280.666667 109.666667 37.133393
281.428050 108.683888 31.501130
61.857895 120.568421 48.387320
61.420172 120.270451 42.261093
60.218191 27.302162 27.245739
59.912941 26.651664 21.768241
