37
69.861582 -6.206215 31.479427
151.992481 3.462943 33.084285
269.893843 2.634309 33.840515
59.500000 58.785714 22.835034
59.811256 57.107004 28.248417
68.817073 -5.792683 23.806708
116.849655 61.525623 22.834339
115.748731 61.256345 28.652600
175.186889 63.715119 28.272441
175.809531 63.226302 21.763036
-2.414328 58.561570 29.960376
-1.115385 58.653846 24.009182
237.670545 62.870783 21.545038
237.369648 63.452426 26.582882
8.161775 122.827376 33.214303
7.000685 124.467299 28.869607
77.401914 118.888548 33.098180
77.270381 118.394809 27.064448
144.479189 118.878531 32.346239
206.706999 114.765899 26.732165
208.126887 114.078720 31.078979
49.331269 168.250609 20.674915
49.740745 166.510365 26.397309
110.361019 163.841496 21.690118
109.439152 162.577911 26.835298
181.027176 171.124084 22.810466
179.500000 169.500000 25.739075
269.500000 113.625000 29.353716
236.754619 163.660655 19.844425
235.571501 162.223829 24.905812
146.276989 224.688013 33.632389
210.915146 220.783460 32.463960
146.920167 6.930992 21.401764
80.710476 234.549812 38.138163
266.174344 211.125754 27.946434
9.897438 224.071161 34.819363
140.925566 112.916184 21.168549
77.935993 114.705000 21.275187
